[gd_scene load_steps=3 format=2]

[ext_resource path="res://jose.dae" type="PackedScene" id=1]

[sub_resource type="BoxShape" id=1]

[node name="jose" instance=ExtResource( 1 )]

[node name="Light004" parent="." index="11"]
transform = Transform( -0.290865, -0.771101, 0.566393, -0.0551891, 0.604525, 0.794672, -0.955171, 0.199883, -0.218391, -51.9196, 32.5446, -33.8974 )

[node name="Light001" parent="." index="13"]
transform = Transform( -0.290865, -0.771101, 0.566393, -0.0551891, 0.604525, 0.794672, -0.955171, 0.199883, -0.218391, 55.9948, 45.6106, 61.3158 )

[node name="Camera2" type="Camera" parent="." index="17"]
transform = Transform( -1, 1.00788e-07, -3.76145e-07, 0, 0.965926, 0.258819, 3.89414e-07, 0.258819, -0.965926, 3.76145e-07, 3.74118, -6.53407 )

[node name="Light" parent="." index="19"]
transform = Transform( -0.290865, -0.771101, 0.566393, -0.0551891, 0.604525, 0.794672, -0.955171, 0.199883, -0.218391, -24.1195, 31.3604, 43.8993 )
visible = false

[node name="CollisionShape" type="CollisionShape" parent="." index="21"]
transform = Transform( 1, 0, 0, 0, 2.4948, 0, 0, 0, 1, 0, 0, 0 )
shape = SubResource( 1 )
